000000010000000100000001000000011100010110001011000101100010
000000000000000000000000000000000010111000000000101110000000
000000000000000000000000000000000010011000000000000000000000
000000000000000000000000000000000011111000000000000000000000
000000000000000000000000000000000011111000000000000000000000
000000000000000000000000000000000011111000000000000000000000
000000000000000000000000000000000011111000000000000000000000
000000000000000000000000000000000011111000000000000000000000
000000000000000000000000000000000011111000000000000000000000
000000000000000000000000000000000011111000000000000000000000
000000000000000000000000000000000011111000000000000000000000
000000000000000000000000000000000011111000000000000000000000
000000000000000000000000000000000011111000000000000000000000
000101100000000000000000000000001100011000000000000000000000
000001010000000000000000000000000101011000000000000000000000
000110100000000000000000000000001100011000000000000000000000
000010010000000000000000000000000111011000000000000000000000
000111100000000000000000000000001100011000000000000000000000
000100010000000000000000000000001011011000000000000000000000
001000100000000000000000000000001100011000000000000000000000
000011010000000000000000000000001001011000000000000000000000
001001100000000000000000000000001100011000000000000000000000